25320
59176
10786
78139
10791
23114
24643
10874
45751
14795
54827
59184
10693
10107
14008
64186
18382
56573
70092
12319
90609
24985
47175
47159
62148
34746
10989
11308
19916
86976
64629
82308
60628
49905
21004
21020
86591
65138
41355
62092
76226
42906
76129
61621
58683
18542
51369
82598
83601
83332
63060
24046
47941
77768
91380
11607
28484
75857
61663
83435
17750
13056
71563
49015
28118
43553
27713
60097
52337
18729
58640
21397
23712
26112
11703
84020
77178
12546
15667
21979
87292
75489
53831
48514
18921
13856
19692
38578
24539
64565
22779
75175
15202
18163
76090
35238
25953
76804
40539
22517
75573
53612
12490
24803
27633
45671
24811
41080
60206
60943
10138
66157
49154
57817
75181
70519
83596
84372
38914
10604
48071
70578
85926
53613
25487
48506
10401
22509
18016
21776
15472
81593
17726
19502
11955
77606
16678
66114
49656
22496
78083
11340
70536
39490
66122
23309
77063
59192
26438
64936
27959
75912
21207
34833
24221
83440
77605
68591
12052
59248
23317
26403
71298
83583
26710
27983
20124
46674
10225
84381
12140
19895
23931
43123
34817
53065
66093
40483
20626
45495
70229
40838
43449
12570
18411
16424
68347
26657
57904
48653
23851
76644
62834
50227
40272
75034
14736
49680
60986
75789
65875
15560
46886
46850
26382
61399
88388
20204
59408
82643
58990
77481
18092
82647
82775
22613
22111
80599
60442
76149
60441
22592
11404
49744
16600
44951
65883
30382
80470
20220
50200
19393
55976
10078
16432
22103
71686
25081
10890
46877
59010
24766
37584
75625
80080
75510
47490
11674
12749
61583
22066
69607
72726
13901
78916
21792
59459
25013
24109
15720
47896
76557
64995
86136
42200
28847
28310
52919
18403
19561
81655
76076
34032
60599
14656
38703
44644
23819
76171
22293
23473
75154
19350
22947
17478
70332
22680
17144
57568
64390
77659
24678
11997
27430
29946
14277
86414
43350
50876
39642
47466
85073
75333
17806
12503
79973
19166
38156
27828
36127
46578
23229
15579
59440
76887
25778
39087
50906
79237
14891
61065
10942
25769
42796
75646
77546
48725
14541
38682
12060
48274
17830
26518
76605
77284
21371
76712
81061
10516
70500
48267
24272
27991
11850
57665
11754
53479
79323
86041
52038
12511
65787
12079
85914
24010
25232
64856
13688
21186
42024
51377
10104
60871
23990
20482
35044
68304
76597
21936
24942
81774
59345
11042
78263
85913
66800
42534
52476
11762
77418
85908
59379
75257
69032
54463
25267
13100
56223
62770
13821
39917
22541
38893
81055
26075
30681
92655
62308
87055
77157
22752
44062
64311
41443
26825
44601
24563
32379
28353
46922
35051
66325
56232
52978
40416
60506
21178
24264
11976
83462
23026
11983
58246
82959
71175
81193
61735
85631
40125
36468
23579
14702
14593
39538
40061
67467
10145
22840
27887
70033
10353
36469
18681
20853
86326
48397
51625
77462
49429
85348
21573
23915
68144
56274
61241
49373
43772
20053
87029
42104
12650
15368
45356
13928
15069
17005
10147
12431
59328
42083
13119
14323
23077
75186
54148
11081
50032
48960
61743
51588
24184
54181
25419
14322
15659
28222
17961
82686
24205
86496
25785
64282
48485
52695
76201
66181
24459
15077
81126
51043
84036
10299
75577
80055
83693
83413
11896
75100
77702
79718
86305
79108
76656
12067
88319
87432
10725
11970
85599
85032
85963
79879
87800
88313
24360
87137
86176
88587
85516
29102
90352
23318
38762
54690
45241
75825
83630
83981
87842
80266
51596
52230
10137
73139
73940
77173
78975
76757
88853
88845
90537
79094
85522
23887
84001
23660
10696
26332
88601
86756
84342
84129
87536
89014
89001
53866
81540
89070
84519
76624
86314
45277
43610
37161
85238
76565
86580
79547
10324
76638
82651
75592
79057
51706
80515
36397
81285
81138
76240
80100
10108
87447
75828
89179
89258
58094
86356
89195
86868
89495
88668
86946
89525
84373
76282
52090
80711
75607
86102
80406
89813
77668
76841
35554
81262
69550
83862
80913
85269
90110
77274
10562
77150
88661
89463
12062
86021
64451
22032
90435
90441
79212
84032
89757
77661
32791
69796
28345
64653
76619
28388
77730
78034
52708
90880
84788
90162
84176
91063
82642
77281
75224
85753
11415
78877
83421
91207
65330
77129
85058
82618
90319
91218
86799
86979
86845
91391
89626
91392
91388
45794
91461
90199
86158
88991
89003
11552
78840
27756
58318
89954
91650
80381
62519
87070
25099
27043
85072
83976
46703
78927
85459
89006
90038
81776
63830
92157
92156
87299
79129
92121
85271
20415
90993
37284
78987
92293
91143
90808
52329
87717
83699
61815
51263
23501
86111
89301
53225
50017
76639
81857
67598
92602
63765
88352
17279
76082
91233
92709
82307
80303
90829
19583
25582
84769
75241
90215
11618
92618
23536
30940
90601
86725
11600
76625
42585
89533
12073
83906
24328
88590
77976
86228
83143
23085
65947
79265
82298
91883
44206
75819
32870
79103
82196
89004
76708
91937
66384
87184
85792
92988
70308
91611
86783
91556
91547
92611
77338
92890
27422
90071
79881
83443
32707
90805
10909
89508
93422
68857
89393
79915
86964
12456
89105
87657
87267
91068
85592
90547
89071
12872
90386
13035
79545
13168
77182
81481
15553
13141
86339
79089
83111
12558
13356
48486
88031
93159
89641
12345
13598
13586
79411
13567
93096
13103
88837
13721
13936
76614
80399
13788
12369
12542
13963
91926
76744
85257
13142
14297
13407
89002
77496
80286
79588
80681
14542
90979
93002
14601
89509
80204
85593
14011
92778
85663
79637
85991
79145
88436
12622
85265
89617
45911
82581
91416
81045
85035
89217
42877
15401
15408
15404
15488
12076
79678
91103
89565
90442
13964
93089
15707
14776
15797
88446
23393
90305
89017
58413
14889
92239
76095
59300
89269
92614
15980
92322
88873
15456
89216
38093
89866
90373
28804
12981
91152
16087
80191
58819
65541
12308
85621
16342
13983
85675
80183
76709
16538
79906
77357
81696
79782
84767
69649
93429
79698
88860
14704
14338
83621
82303
11891
81736
65402
87541
75341
16816
13911
11403
86996
16851
13760
12623
80539
11786
84761
91668
92402
75107
91849
32803
12449
24053
14295
80320
14714
90272
36003
93132
18143
14939
88664
13641
16431
90520
44329
12448
32986
81677
18420
18421
18428
18724
18592
90454
75591
13949
79785
90505
13447
77649
76795
77037
91041
17743
14579
16692
19285
19286
90248
90664
62498
87445
76185
61516
15291
14763
19807
82515
20057
93436
13323
76230
90455
14882
93246
12084
80563
88281
21124
18312
75694
15850
63467
17700
83597
90090
13210
15272
57809
22623
89781
79452
22976
17307
17942
88182
16581
86288
12476
82276
84262
